10011111000000010000000000000100
10011111000000100000000000000011
10011111000000110000000000000101
10011111000001000000011111010000
10010100000001010000000000000001
10010100000001100000000000000010
10010100000001110000000000000011
10010100000010000000000000000100
10010100000010010000000000000101
01100001000001000000000000000000
01100001000001010000000000000000
01100001000001100000000000000000
01100001000001110000000000000000
01100001000010000000000000000000
10011001000001000000000000000001
10011001000001010000000000000010
10011001000001100000000000000011
10011001000001110000000000000100
10011001000010000000000000000101
01100010000010010000000000000000
01100001000001000000000000000000
01100011000001010000000000000000
01100001000001100000000000000000
01100010000001110000000000000000
10011000000001000000000000000001
10011000000001010000000000000010
10011000000001100000000000000011
10011000000001110000000000000100
10011000000010010000000000000101
01100010000010000000000000000000
01100011000001000000000000000000
01100011000001010000000000000000
01100011000001100000000000000000
01100010000001110000000000000000
10011001000001000000000000000001
10011001000001010000000000000010
10011001000001100000000000000011
10011001000001110000000000000100
10011001000010000000000000000101
01100010000010010000000000000000
01100001000001000000000000000000
01100011000001010000000000000000
01100001000001100000000000000000
01100010000001110000000000000000
10011000000001000000000000000001
10011000000001010000000000000010
10011000000001100000000000000011
10011000000001110000000000000100
01100001000010000000000000000000
01100001000001000000000000000000
01100001000001010000000000000000
01100001000001100000000000000000
01100001000001110000000000000000
10010000000011010000011111010000
10010000000011100000011111101001
00000000000000000000000000000000
00000000000000000000000000000000
01001101000000010000000000000000
10011101000011010000000000000001
00000000000000000000000000000000
00000000000000000000000000000000
01000001000000100000000000000000
00000000000000000000000000000000
00000000000000000000000000000000
00000000000000000000000000000000
10010010000000100000000000000001
00000000000000000000000000000000
00000000000000000000000000000000
00000000000000000000000000000000
01100010000000010000000000000000
00000000000000000000000000000000
00000000000000000000000000000000
00111101111011111111111111110000
10010000000011010000000000000000
10010000000011100000000100000000
10010000000000100000000000000000
00000000000000000000000000000000
01001101000000010000000000000000
10011101000000110000000100000000
10011101000011010000000000000001
00000000000000000000000000000000
10000010000100100000000000000000
00000000000000000000000000000000
00000000000000000000000000000000
00000000000000000000000000000000
01100010000000110000000000000000
00111101111011111111111111110110
10110010000000100000000000000011
10010000000011100000001000000000
10011101000001100000000100000000
10011101000000110000000100000001
10011101000001000000000100000010
10011101000001010000000100000011
01100010000001100000000000000000
10011101000011010000000000000100
01100010000000110000000000000000
01100010000001000000000000000000
01100010000001010000000000000000
00111101111011111111111111110110
10010000000011010000001000000000
10010000000011100000001100000000
10010000000000010000000000000000
00000000000000000000000000000000
00000000000000000000000000000000
00000000000000000000000000000000
10010000000010110000001000000011
10010000000011000000000000000100
00000000000000000000000000000000
00000000000000000000000000000000
00000000000000000000000000000000
01101100000010110000000000000000
01001101000000110000000000000000
10011101000001000000000100000000
00000000000000000000000000000000
00000000000000000000000000000000
10000001001100010000000000000000
00000000000000000000000000000000
00000000000000000000000000000000
00000000000000000000000000000000
01100001000001000000000000000000
10011101000011010000000000000001
00000000000000000000000000000000
00000000000000000000000000000000
00000000000000000000000000000000
00111101111011111111111111110010
10010000000011000000001000000000
10010000000011010000001100000000
10010000000001010000001100000000
10010000000011100000010000000000
10010000000010110000001100000000
00000000000000000000000000000000
00000000000000000000000000000000
10101101110001000000000000000000
10010101000000010000000000000001
00000000000000000000000000000000
00000000000000000000000000000000
01000100000001000000000000000000
01000101000000100000000000000000
01000001000000110000000000000000
00000000000000000000000000000000
00000000000000000000000000000000
10100100001000100000000000000000
10100011010000110000000000000000
00000000000000000000000000000000
00000000000000000000000000000000
00000000000000000000000000000000
00110010001100000000000000000101
10010101000001010000000000000001
00000000000000000000000000000000
00000000000000000000000000000000
00000000000000000000000000000000
00010000000011111111111111101100
10011101000000100000000100000000
10100101101101110000000000000000
10010000000001010000001100000000
00000000000000000000000000000000
00000000000000000000000000000000
00000000000000000000000000000000
01100111000000100000000000000000
10011101000011010000000000000001
00000000000000000000000000000000
00000000000000000000000000000000
00000000000000000000000000000000
00111101111011111111111111100000
10010000000000010000011111010000
10010000000011010000100111000100
10010000000011100000011111101001
00000000000000000000000000000000
00000000000000000000000000000000
00000000000000000000000000000000
01000001000000100000000000000000
10011101000000110000000000000000
10010001000000010000000000000001
10010010000000100000010000000000
10011101000011010000000000000001
00000000000000000000000000000000
00000000000000000000000000000000
00000000000000000000000000000000
01000010000000100000000000000000
00000000000000000000000000000000
00000000000000000000000000000000
00000000000000000000000000000000
01100010000000110000000000000000
00000000000000000000000000000000
00110001111011111111111111110001
00000000000000000000000000000000
00000000000000000000000000000000
00000000000000000000000000000000
00000000000000000000000000000000
00010000000011111111111111111110
